object Form3: TForm3
  Left = 0
  Top = 0
  Caption = 'Form3'
  ClientHeight = 480
  ClientWidth = 293
  FormFactor.Width = 320
  FormFactor.Height = 480
  FormFactor.Devices = [Desktop]
  DesignerMasterStyle = 0
  object Button1: TButton
    Align = Top
    Margins.Left = 10.000000000000000000
    Margins.Top = 10.000000000000000000
    Margins.Right = 10.000000000000000000
    Margins.Bottom = 10.000000000000000000
    Position.X = 10.000000000000000000
    Position.Y = 10.000000000000000000
    Size.Width = 273.000000000000000000
    Size.Height = 65.000000000000000000
    Size.PlatformDefault = False
    TabOrder = 0
    Text = 'Button1'
    OnClick = Button1Click
  end
  object Memo1: TMemo
    Touch.InteractiveGestures = [Pan, LongTap, DoubleTap]
    DataDetectorTypes = []
    Align = Client
    Margins.Left = 10.000000000000000000
    Margins.Top = 10.000000000000000000
    Margins.Right = 10.000000000000000000
    Margins.Bottom = 10.000000000000000000
    Size.Width = 273.000000000000000000
    Size.Height = 375.000000000000000000
    Size.PlatformDefault = False
    TabOrder = 2
    Viewport.Width = 269.000000000000000000
    Viewport.Height = 371.000000000000000000
  end
end
